"mz" "Retention_Time" "NSHQ.14" "WAB.71" "WAB.104" "WAB.105" "WAB.55" "classifier"
111.098621254245 148.982 7.64810792234158 8.39550317445755 0 0 0 "WAB.71"
405.445035438677 326.006 4.33844952431343 8.69095842492083 0 0 0 "WAB.71"
170.996790751084 334.901 0 9.94705835856732 0 2.63686370801953 0 "WAB.71"
449.340834269473 345.911 2.03000451230168 8.66563518057248 0 0 0 "WAB.71"
241.198630701947 432.838 4.97417046936591 8.49485109631792 0 0 0 "WAB.71"
265.319537717937 462.694 0 9.14340514264341 0 0 0 "WAB.71"
455.45026682763 490.965 0 9.31698503306927 0 0 0 "WAB.71"
249.269446304014 497.838 9.39002731234053 9.3429430462524 0 0 0 "NSHQ.14"
367.432338795892 501.446 0 9.27369815118091 0 0 0 "WAB.71"
367.370259629123 501.975 0 8.73738344317073 0 0 0 "WAB.71"
367.433716023888 508.319 0 8.47353637612379 0 0 0 "WAB.71"
439.51594863934 519.765 0 9.87480725878366 0 0 0 "WAB.71"
263.342008892546 525.051 7.5356155700372 5.35886418201272 0 0 0 "NSHQ.14"
409.664777431647 527.166 0 10.1859858809813 0 0 0 "WAB.71"
410.433198414112 530.245 0 10.5484200467662 0 0 0 "WAB.71"
423.373108493543 533.946 0 10.3793326183033 4.79677559610131 0 0 "WAB.71"
251.57789496975 533.946 0 9.71349322604446 0 0 0 "WAB.71"
423.511523944214 533.946 0 9.67180932887462 0 0 0 "WAB.71"
209.199961033825 535.003 8.25122024726861 4.69018802547648 0 0 0 "NSHQ.14"
209.347506485179 535.003 7.53067830628036 0 0 0 0 "NSHQ.14"
423.409021989143 540.726 0 10.6214633081387 0 0 0 "WAB.71"
237.240033640476 547.07 9.6534822587884 10.8863923050568 0 0 0 "WAB.71"
267.319080828751 548.128 5.12808811097411 9.45605338153424 0 0 0 "WAB.71"
267.371774982592 548.128 5.33548350746621 8.87711304502158 0 0 0 "WAB.71"
267.258328446949 549.093 7.93479370042239 10.0103896239778 0 0 0 "WAB.71"
395.509318769116 549.093 0 8.75040772364716 0 0 0 "WAB.71"
285.42319040694 550.15 7.80035931358855 0 0 0 0 "NSHQ.14"
311.358935613084 551.207 0 10.2787674159764 0 0 0 "WAB.71"
311.416044105056 551.207 4.77430603986341 9.5292400346074 0 0 0 "WAB.71"
355.398448717118 552.265 0 10.152040303982 0 0 0 "WAB.71"
251.258737605878 552.793 9.59601454629225 10.1745940980752 0 0 0 "WAB.71"
251.371756952616 552.793 9.27745268266598 9.2005398440762 0 0 0 "NSHQ.14"
443.546299591519 553.851 0 8.50194042029975 0 0 0 "WAB.71"
281.277265382706 554.379 8.37788717872847 10.5958423075866 0 0 0 "WAB.71"
487.435108135454 554.379 0 9.06051248305661 0 0 0 "WAB.71"
281.337077867261 554.379 5.91043931277282 10.1775840080875 0 0 0 "WAB.71"
325.37641429614 555.965 0 10.9439836044133 0 0 0 "WAB.71"
326.385858287012 556.494 0 8.89287315289364 0 0 0 "WAB.71"
291.298669925139 556.494 8.86687674101877 0 0 0 0 "NSHQ.14"
323.331992394945 557.023 8.02522265101822 0 0 0 0 "NSHQ.14"
370.488242786017 557.551 0 8.66371910814198 0 0 0 "WAB.71"
369.417069583017 557.551 0 10.908371385099 0 0 0 "WAB.71"
369.645303648033 557.551 0 8.42308300757491 0 0 0 "WAB.71"
457.420191159639 558.08 0 10.329710423671 0 0 0 "WAB.71"
501.5379685115 558.08 0 8.94938791579636 0 0 0 "WAB.71"
457.499035226259 558.08 0 9.79077720171856 0 0 0 "WAB.71"
295.415389940836 559.045 5.76001697146127 9.05685206034853 0 0 0 "WAB.71"
340.465777088683 559.574 0 8.47198870011087 0 0 0 "WAB.71"
339.397069837015 559.574 0 10.3926338690675 0 0 0 "WAB.71"
340.4063980871 559.574 0 8.47475184844615 0 0 0 "WAB.71"
383.669579397123 560.631 0 8.18436880648618 0 0 0 "WAB.71"
427.543986308682 561.16 0 10.0197281076908 0 0 0 "WAB.71"
427.477085386541 561.16 0 10.4878513703104 0 0 0 "WAB.71"
471.586035554734 561.688 0 9.31299347773726 0 0 0 "WAB.71"
515.627892795843 562.217 0 8.66442153750091 0 0 0 "WAB.71"
319.521409387317 562.746 8.84372514117068 0 2.03490951540153 0 0 "NSHQ.14"
323.332032348048 565.389 0 7.90074778783744 0 0 0 "WAB.71"
293.382367203403 566.446 0 7.9836333089418 0 0 0 "WAB.71"
549.534475569733 571.641 0 9.88975278801343 0 0 0.0547251290836503 "WAB.71"
651.618851601413 572.169 0 8.64263875404797 0 0 0 "WAB.71"
549.626839014632 572.169 0 8.38707209814845 0 0 0 "WAB.71"
607.586308840547 573.227 0 9.04690749516536 0 0 0 "WAB.71"
563.552967366397 574.813 0 9.86974350529231 0 0 0 "WAB.71"
457.503271081351 588.902 0 9.38050776530129 0 0 0 "WAB.71"
475.517484732308 579.478 0 9.52989321258648 0 0 0 "WAB.71"
563.646270314182 574.813 0 8.4453905668613 0 0 0 "WAB.71"
593.567848203662 570.583 0 9.09075205488183 0 0 0 "WAB.71"
337.350597526966 569.526 0 7.95556397107605 0 0 0 "WAB.71"
535.51441468295 568.997 0 8.32232945566069 0 0 0 "WAB.71"
637.600687491644 568.997 0 8.78508095149713 0 0 0 "WAB.71"
347.37321991013 567.504 8.42170259958178 0 0 0 0 "NSHQ.14"
293.439270604367 566.446 2.72463986768364 7.83656438507949 0 0 0 "WAB.71"
293.315261432739 565.918 6.00942125560729 9.22120707920879 0 0 0 "WAB.71"
320.49773977791 565.389 7.95838397350377 0 0 3.55148959046335 0 "NSHQ.14"
320.36753926145 565.389 8.32485020640865 0 0 5.38001915349655 0 "NSHQ.14"
515.556713120315 562.217 0 8.9343784364303 0 0 0 "WAB.71"
515.472068145591 562.217 0 9.98949560409173 0 0 0 "WAB.71"
319.407029843724 561.688 8.93545716341689 0 0 0 0 "NSHQ.14"
471.518848498246 561.688 0 9.87053936869162 0 0 0 "WAB.71"
319.336490266599 561.688 9.91084299830245 0 0 0 0 "NSHQ.14"
428.48333990307 561.16 0 8.63402558338834 0 0 0 "WAB.71"
383.501879512866 560.631 0 10.3725158595214 0 0 0 "WAB.71"
383.437327605984 560.631 0 11.0865443299528 0 0 0 "WAB.71"
339.458893611393 559.574 0 9.96676992306869 0 0 0 "WAB.71"
545.576951862086 559.045 0 8.15161346205158 0 0 0 "WAB.71"
295.359297940695 559.045 3.17872166052593 9.48155588264112 0 0 0 "WAB.71"
501.454667966309 559.045 0 9.61301599054529 0 0 0 "WAB.71"
295.296889759701 559.045 6.85865895213802 10.0482176966662 0 0 0 "WAB.71"
413.456883444253 558.08 0 10.4251981454782 0 0 0 "WAB.71"
413.385632977149 558.08 0 10.8635189075651 4.2671130036827 0 0 "WAB.71"
370.426290034601 557.551 0 8.56105444251397 0 0 0 "WAB.71"
369.480562576717 557.551 0 10.1162786053634 0 0 0 "WAB.71"
323.463932612756 557.023 7.78481249746847 0 0 0 0 "NSHQ.14"
291.424845544431 556.494 8.27894963724621 0 0 0 0 "NSHQ.14"
325.591565965069 555.965 0 8.53122527726783 0 0 0 "WAB.71"
325.437099728707 555.965 6.02576502040828 10.2614074624429 0 0 0 "WAB.71"
251.318718869709 555.437 8.47523642567797 9.57166852618911 0 0 0 "WAB.71"
281.392768498507 554.379 7.88429114046144 9.54910170582775 0 0 0 "WAB.71"
443.479349040319 553.851 0 8.98489453118692 0 0 0 "WAB.71"
399.503261829069 553.322 0 8.88807388080578 0 0 0 "WAB.71"
399.440724694287 553.322 0 9.6822055241808 0 0 0 "WAB.71"
399.36649226633 553.322 0 10.1796612990363 0 0 0 "WAB.71"
251.420423744698 552.793 8.67476884649769 7.76085767034621 0 0 0 "NSHQ.14"
355.460198256563 552.265 0 9.52463676129829 0 0 0 "WAB.71"
285.375196698758 550.15 8.14131213009924 0 0 0 0 "NSHQ.14"
395.445384610218 548.128 0 9.11248078593817 0 0 0 "WAB.71"
237.3972695665 547.599 8.78890355205966 7.83438293275341 0 0 0 "NSHQ.14"
237.29684786255 547.07 8.37351024392336 10.4378770589552 0 0 0 "WAB.71"
237.347641227959 547.07 9.30772742225656 9.93263607378596 0 0 0 "WAB.71"
223.371940451574 543.898 8.75326406710374 7.88183756251201 0 0 0 "NSHQ.14"
223.327262325066 543.898 9.06449237257919 8.95093654006713 0 0 0 "NSHQ.14"
223.276555099605 543.37 7.87791292425376 9.37048460556087 0 0 0 "WAB.71"
424.44930470806 540.726 0 10.4769343563048 0 0 0 "WAB.71"
367.413155824959 540.726 0 0 6.55412563221866 0 0 "WAB.104"
423.688072160624 540.726 0 9.75545904103932 0 0 0 "WAB.71"
423.511475722716 540.726 8.16745284267365 11.4189459238889 0 0 0 "WAB.71"
423.441244981897 539.669 6.14496892859909 12.277830716825 0 0 0 "WAB.71"
748.930043909532 538.175 3.63587836584696 0 4.35712665783889 0 0 "WAB.104"
209.307527534531 535.003 7.76518481966879 0 0 0 0 "NSHQ.14"
441.464665562711 535.003 0 10.0840157746581 0 0 0 "WAB.71"
423.446805358993 533.946 0 10.1318214948249 0 0 0 "WAB.71"
409.491351985915 530.245 4.06037504067824 11.7848908603206 0 0 0 "WAB.71"
409.423368704062 529.717 0 12.5650668218669 3.75512889271078 0 0 "WAB.71"
263.296695902025 525.051 8.10500216100976 6.31396301192787 0 0 0 "NSHQ.14"
244.570400327737 524.522 0 8.87498998104297 0 0 0 "WAB.71"
308.952276378364 519.765 5.48525996896335 9.22536646277109 0 0 0 "WAB.71"
439.449200866544 519.765 0 9.45558911477359 0 0 0 "WAB.71"
367.296167125804 508.319 0 8.81744300630989 0 0 0 "WAB.71"
249.327965980955 499.331 7.91137582340864 7.87630160902268 0 0 0 "NSHQ.14"
249.402672536201 497.838 7.90287322135912 7.8707897203654 0 0 0 "NSHQ.14"
249.217975399715 497.838 9.57488742267208 9.37227374028941 0 0 0 "NSHQ.14"
455.518270138286 490.965 0 10.0117075873502 0 0 0 "WAB.71"
455.366244817451 490.965 0 10.2668640944182 0 0 0 "WAB.71"
265.266280401919 462.694 0 9.21527646586474 0 0 0 "WAB.71"
265.206386382118 462.694 0.0167596911043823 9.78662627645639 0.160568622912375 0 0.480701416286737 "NSHQ.14"
170.996950797695 329.178 0 10.604302482219 0 2.96125911987908 0 "WAB.71"
405.380274011079 326.006 0 8.57675731325576 0 0 0 "WAB.71"
171.193574500797 121.676 0 8.68073577549311 2.05294994029333 0 0 "WAB.71"
